     Input  Canonical    Reduced
--------------------------------
       D?{        D?{        D?{    S4    -_-R- [(0, 4), (1, 4), (2, 4), (3, 4)]
       DCw        DC[        DC[    --    -C-R- [(0, 3), (1, 4), (2, 4), (3, 4)]
       DC{        D@{         CF          -C-_- [(0, 4), (1, 4), (2, 3), (2, 4), (3, 4)]
       DEk        DD[        DD[    --    -C-R- [(0, 3), (1, 4), (2, 3), (2, 4), (3, 4)]
       DEw        DIk        DIk    --    -C-R- [(0, 4), (1, 2), (1, 3), (2, 4), (3, 4)]
       DE{        DB{        DB{    --    -C-R- [(0, 4), (1, 3), (1, 4), (2, 3), (2, 4), (3, 4)]
       DFw        DFw        DFw    --    -_-R- [(0, 3), (0, 4), (1, 3), (1, 4), (2, 3), (2, 4)]
       DF{        DF{         CF          -_-_- [(0, 3), (0, 4), (1, 3), (1, 4), (2, 3), (2, 4), (3, 4)]
       DQo        DDW        DDW    P5    -C-R- [(0, 3), (1, 4), (2, 3), (2, 4)]
       DQw        DK[         CR          -C-_- [(0, 3), (1, 2), (1, 4), (2, 4), (3, 4)]
       DQ{        D`{         BW          -C-_- [(0, 1), (0, 4), (1, 4), (2, 3), (2, 4), (3, 4)]
       DTw        DR[         CR          -C-_- [(0, 2), (1, 3), (1, 4), (2, 3), (2, 4), (3, 4)]
       DT{        DJ{         BW          -C-_- [(0, 4), (1, 2), (1, 3), (1, 4), (2, 3), (2, 4), (3, 4)]
       DUW        DqK        DqK    C5    -C-R- [(0, 1), (0, 2), (1, 3), (2, 4), (3, 4)]
       DUw        DMk        DMk    --    -C-R- [(0, 3), (0, 4), (1, 2), (1, 3), (2, 4), (3, 4)]
       DU{        DR{        DR{    --    -C-R- [(0, 2), (0, 4), (1, 3), (1, 4), (2, 3), (2, 4), (3, 4)]
       DV{        DN{         BW          -C-_- [(0, 3), (0, 4), (1, 2), (1, 3), (1, 4), (2, 3), (2, 4), (3, 4)]
       D]w        DNw         Cr          -C-_- [(0, 3), (0, 4), (1, 2), (1, 3), (1, 4), (2, 3), (2, 4)]
       D]{        Dr{        Dr{    W4    -C-R- [(0, 1), (0, 2), (0, 4), (1, 3), (1, 4), (2, 3), (2, 4), (3, 4)]
       D^{        D^{         BW          -_-_- [(0, 2), (0, 3), (0, 4), (1, 2), (1, 3), (1, 4), (2, 3), (2, 4), (3, 4)]
       D~{        D~{          @          -_-_- [(0, 1), (0, 2), (0, 3), (0, 4), (1, 2), (1, 3), (1, 4), (2, 3), (2, 4), (3, 4)]
