     Input  Canonical    Reduced
--------------------------------
      E?Bw       E?Bw       E?Bw -_-R- 2 (0,1,2,3,4),(5)          [(0, 5), (1, 5), (2, 5), (3, 5), (4, 5)]
      E?bo       E?`w       E?`w -C-R- 4 (0),(1,2,3),(4),(5)      [(0, 4), (1, 5), (2, 5), (3, 5), (4, 5)]
      E?bw       E?Fw        D?{ -C-_- 3 (0,4),(1,2,3),(5)        [(0, 5), (1, 5), (2, 5), (3, 4), (3, 5), (4, 5)]
      E?ow       E?ow       E?ow -_-R- 2 (0,1,2,3),(4,5)          [(0, 4), (1, 4), (2, 5), (3, 5), (4, 5)]
      E?qo       ECDg       ECDg -C-R- 5 (0),(1),(2,3),(4),(5)    [(0, 3), (1, 5), (2, 5), (3, 4), (4, 5)]
      E?qw       E?dw       E?dw -C-R- 5 (0),(1),(2,3),(4),(5)    [(0, 4), (1, 5), (2, 5), (3, 4), (3, 5), (4, 5)]
      E?ro       E@JW       E@JW -C-R- 4 (0,1),(2,3),(4),(5)      [(0, 5), (1, 5), (2, 3), (2, 4), (3, 5), (4, 5)]
      E?rw       E?Nw       E?Nw -C-R- 4 (0,1),(2,3),(4),(5)      [(0, 5), (1, 5), (2, 4), (2, 5), (3, 4), (3, 5), (4, 5)]
      E?zO       E?lo       E?lo -C-R- 3 (0,1),(2,3),(4,5)        [(0, 4), (1, 5), (2, 4), (2, 5), (3, 4), (3, 5)]
      E?zW       E?lw       E?lw -C-R- 3 (0,1),(2,3),(4,5)        [(0, 4), (1, 5), (2, 4), (2, 5), (3, 4), (3, 5), (4, 5)]
      E?zo       E?^o       E?^o -C-R- 4 (0,1,2),(3),(4),(5)      [(0, 5), (1, 4), (1, 5), (2, 4), (2, 5), (3, 4), (3, 5)]
      E?zw       E?^w       E?^w -C-R- 4 (0,1,2),(3),(4),(5)      [(0, 5), (1, 4), (1, 5), (2, 4), (2, 5), (3, 4), (3, 5), (4, 5)]
      E?~o       E?~o       E?~o -_-R- 2 (0,1,2,3),(4,5)          [(0, 4), (0, 5), (1, 4), (1, 5), (2, 4), (2, 5), (3, 4), (3, 5)]
      E?~w       E?~w        D?{ -_-_- 2 (0,1,2,3),(4,5)          [(0, 4), (0, 5), (1, 4), (1, 5), (2, 4), (2, 5), (3, 4), (3, 5), (4, 5)]
      ECR_       ECOw       ECOw -C-R- 4 (0,1),(2),(3,4),(5)      [(0, 3), (1, 4), (2, 5), (3, 5), (4, 5)]
      ECRo       E@`w        DC[ -C-_- 5 (0,3),(1),(2),(4),(5)    [(0, 4), (1, 5), (2, 3), (2, 5), (3, 5), (4, 5)]
      ECRw       EGFw         CF -C-_- 3 (0,1,3,4),(2),(5)        [(0, 5), (1, 2), (1, 5), (2, 5), (3, 4), (3, 5), (4, 5)]
      ECYW       E@NG        DC[ -C-_- 4 (0,3),(1,2),(4),(5)      [(0, 5), (1, 5), (2, 3), (2, 4), (3, 4), (4, 5)]
      ECZ?       E@hO       E@hO -C-R- 3 (0,4),(1,5),(2,3)        [(0, 4), (1, 5), (2, 3), (2, 4), (3, 5)]
      ECZG       ECLg       ECLg -C-R- 6 (0),(1),(2),(3),(4),(5)  [(0, 3), (1, 5), (2, 4), (2, 5), (3, 4), (4, 5)]
      ECZO       E`Ow        DDW -C-_- 5 (0,3),(1),(2),(4),(5)    [(0, 1), (1, 4), (2, 3), (2, 5), (3, 5), (4, 5)]
      ECZW       EGdw        DD[ -C-_- 5 (0,3),(1),(2),(4),(5)    [(0, 4), (1, 2), (1, 5), (2, 5), (3, 4), (3, 5), (4, 5)]
      ECZ_       EI_w       EI_w -C-R- 5 (0),(1,2),(3),(4),(5)    [(0, 4), (1, 2), (1, 3), (2, 5), (3, 5), (4, 5)]
      ECZg       E_Lw       E_Lw -C-R- 5 (0),(1,2),(3),(4),(5)    [(0, 1), (1, 5), (2, 4), (2, 5), (3, 4), (3, 5), (4, 5)]
      ECZo       EK`w        DIk -C-_- 4 (0,3),(1,2),(4),(5)      [(0, 3), (0, 4), (1, 2), (1, 5), (2, 5), (3, 5), (4, 5)]
      ECZw       E_Nw        DB{ -C-_- 4 (0,3),(1,2),(4),(5)      [(0, 1), (0, 5), (1, 5), (2, 4), (2, 5), (3, 4), (3, 5), (4, 5)]
      ECfo       E@NW        DC[ -C-_- 4 (0,3),(1,2),(4),(5)      [(0, 5), (1, 5), (2, 3), (2, 4), (3, 4), (3, 5), (4, 5)]
      ECfw       E@Nw         CF -C-_- 3 (0,3,4),(1,2),(5)        [(0, 5), (1, 5), (2, 3), (2, 4), (2, 5), (3, 4), (3, 5), (4, 5)]
      ECpo       EIIW       EIIW -C-R- 4 (0,4),(1,3),(2),(5)      [(0, 5), (1, 2), (1, 3), (2, 4), (3, 5), (4, 5)]
      ECqg       ECSw       ECSw -C-R- 2 (0,4,5),(1,2,3)          [(0, 3), (1, 4), (2, 5), (3, 4), (3, 5), (4, 5)]
      ECr_       E@hW       E@hW -C-R- 3 (0,5),(1,4),(2,3)        [(0, 4), (1, 5), (2, 3), (2, 4), (3, 5), (4, 5)]
      ECrg       ECLw       ECLw -C-R- 6 (0),(1),(2),(3),(4),(5)  [(0, 3), (1, 5), (2, 4), (2, 5), (3, 4), (3, 5), (4, 5)]
      ECro       EGUw       EGUw -C-R- 6 (0),(1),(2),(3),(4),(5)  [(0, 5), (1, 2), (1, 4), (2, 5), (3, 4), (3, 5), (4, 5)]
      ECrw       EANw       EANw -C-R- 4 (0,4),(1,3),(2),(5)      [(0, 5), (1, 3), (1, 5), (2, 4), (2, 5), (3, 4), (3, 5), (4, 5)]
      ECuw       E@lw        DD[ -C-_- 3 (0,3),(1,2),(4,5)        [(0, 4), (1, 5), (2, 3), (2, 4), (2, 5), (3, 4), (3, 5), (4, 5)]
      ECvo       EHNW        DIk -C-_- 5 (0,3),(1),(2),(4),(5)    [(0, 5), (1, 2), (1, 5), (2, 3), (2, 4), (3, 4), (3, 5), (4, 5)]
      ECvw       E@^w        DB{ -C-_- 5 (0,3),(1),(2),(4),(5)    [(0, 5), (1, 4), (1, 5), (2, 3), (2, 4), (2, 5), (3, 4), (3, 5), (4, 5)]
      ECxo       E@zO       E@zO -C-R- 3 (0,3),(1,2),(4,5)        [(0, 4), (0, 5), (1, 4), (1, 5), (2, 3), (2, 4), (3, 5)]
      ECxw       E@zW       E@zW -C-R- 3 (0,3),(1,2),(4,5)        [(0, 4), (0, 5), (1, 4), (1, 5), (2, 3), (2, 4), (3, 5), (4, 5)]
      ECzW       E@tw       E@tw -C-R- 6 (0),(1),(2),(3),(4),(5)  [(0, 4), (1, 4), (1, 5), (2, 3), (2, 5), (3, 4), (3, 5), (4, 5)]
      ECzg       EC\w        DC[ -C-_- 4 (0),(1,2),(3),(4,5)      [(0, 3), (1, 4), (1, 5), (2, 4), (2, 5), (3, 4), (3, 5), (4, 5)]
      ECzo       EENg       EENg -C-R- 5 (0),(1,2),(3),(4),(5)    [(0, 3), (0, 5), (1, 3), (1, 5), (2, 4), (2, 5), (3, 4), (4, 5)]
      ECzw       EC^w       EC^w -C-R- 5 (0),(1,2),(3),(4),(5)    [(0, 3), (0, 5), (1, 4), (1, 5), (2, 4), (2, 5), (3, 4), (3, 5), (4, 5)]
      EC~o       E@~o        DFw -C-_- 3 (0,3),(1,2),(4,5)        [(0, 4), (0, 5), (1, 4), (1, 5), (2, 3), (2, 4), (2, 5), (3, 4), (3, 5)]
      EC~w       E@~w         CF -C-_- 3 (0,3),(1,2),(4,5)        [(0, 4), (0, 5), (1, 4), (1, 5), (2, 3), (2, 4), (2, 5), (3, 4), (3, 5), (4, 5)]
      EEhW       EBUg       EBUg -C-R- 6 (0),(1),(2),(3),(4),(5)  [(0, 5), (1, 3), (1, 4), (2, 3), (2, 5), (3, 4), (4, 5)]
      EEh_       EqGW       EqGW -C-R- 1 (0,1,2,3,4,5)            [(0, 1), (0, 2), (1, 3), (2, 4), (3, 5), (4, 5)]
      EEho       EBqg       EBqg -C-R- 4 (0,2),(1),(3,5),(4)      [(0, 4), (0, 5), (1, 3), (1, 4), (2, 3), (2, 5), (4, 5)]
      EEhw       EEhw       EEhw -_-R- 4 (0),(1,2),(3,4),(5)      [(0, 3), (0, 4), (1, 3), (1, 5), (2, 4), (2, 5), (3, 5), (4, 5)]
      EEiW       E@lo        DDW -C-_- 3 (0,5),(1,2),(3,4)        [(0, 4), (1, 5), (2, 3), (2, 4), (2, 5), (3, 4), (3, 5)]
      EEio       EIMW       EIMW -C-R- 4 (0,5),(1),(2,4),(3)      [(0, 5), (1, 2), (1, 3), (2, 4), (3, 4), (3, 5), (4, 5)]
      EEjW       EPTw       EPTw -C-R- 6 (0),(1),(2),(3),(4),(5)  [(0, 2), (1, 4), (1, 5), (2, 3), (2, 5), (3, 4), (3, 5), (4, 5)]
      EEj_       E`hW       E`hW -C-R- 2 (0,5),(1,2,3,4)          [(0, 1), (0, 4), (1, 5), (2, 3), (2, 4), (3, 5), (4, 5)]
      EEjo       EQdw       EQdw -C-R- 6 (0),(1),(2),(3),(4),(5)  [(0, 2), (0, 4), (1, 3), (1, 5), (2, 5), (3, 4), (3, 5), (4, 5)]
      EEjw       EDZw       EDZw -C-R- 4 (0),(1,2),(3,4),(5)      [(0, 3), (0, 5), (1, 4), (1, 5), (2, 3), (2, 4), (2, 5), (3, 5), (4, 5)]
      EElw       EElw       EElw -_-R- 2 (0,1,2),(3,4,5)          [(0, 3), (0, 4), (1, 3), (1, 5), (2, 4), (2, 5), (3, 4), (3, 5), (4, 5)]
      EEno       EBng       EBng -C-R- 6 (0),(1),(2),(3),(4),(5)  [(0, 4), (0, 5), (1, 3), (1, 5), (2, 3), (2, 4), (2, 5), (3, 4), (4, 5)]
      EEnw       ED^w       ED^w -C-R- 4 (0),(1,2),(3,4),(5)      [(0, 3), (0, 5), (1, 4), (1, 5), (2, 3), (2, 4), (2, 5), (3, 4), (3, 5), (4, 5)]
      EEr_       EBYW       EBYW -C-R- 4 (0,1),(2),(3,4),(5)      [(0, 5), (1, 3), (1, 4), (2, 3), (2, 4), (3, 5), (4, 5)]
      EEro       EBYw       EBYw -C-R- 5 (0,1),(2),(3),(4),(5)    [(0, 5), (1, 3), (1, 4), (2, 3), (2, 4), (2, 5), (3, 5), (4, 5)]
      EErw       EINw       EINw -C-R- 3 (0,1,3,4),(2),(5)        [(0, 5), (1, 2), (1, 3), (1, 5), (2, 4), (2, 5), (3, 4), (3, 5), (4, 5)]
      EEuw       ED\w        DD[ -C-_- 5 (0),(1),(2),(3,4),(5)    [(0, 3), (1, 4), (1, 5), (2, 3), (2, 4), (2, 5), (3, 4), (3, 5), (4, 5)]
      EEvo       EI]w       EI]w -C-R- 5 (0,1),(2),(3),(4),(5)    [(0, 5), (1, 2), (1, 3), (1, 4), (2, 4), (2, 5), (3, 4), (3, 5), (4, 5)]
      EEvw       EB^w        DB{ -C-_- 4 (0,1),(2),(3,4),(5)      [(0, 5), (1, 3), (1, 4), (1, 5), (2, 3), (2, 4), (2, 5), (3, 4), (3, 5), (4, 5)]
      EEzO       EJYW        DIk -C-_- 4 (0,1),(2),(3,5),(4)      [(0, 5), (1, 2), (1, 3), (1, 4), (2, 3), (2, 4), (3, 5), (4, 5)]
      EEz_       ELhW       ELhW -C-R- 2 (0,1,4,5),(2,3)          [(0, 3), (0, 4), (1, 2), (1, 5), (2, 3), (2, 4), (3, 5), (4, 5)]
      EEzg       EImw        DIk -C-_- 4 (0,1),(2),(3),(4,5)      [(0, 4), (0, 5), (1, 2), (1, 3), (2, 4), (2, 5), (3, 4), (3, 5), (4, 5)]
      EEzo       EbYw       EbYw -C-R- 5 (0,1),(2),(3),(4),(5)    [(0, 1), (0, 5), (1, 3), (1, 4), (2, 3), (2, 4), (2, 5), (3, 5), (4, 5)]
      EEzw       EInw       EInw -C-R- 5 (0,1),(2),(3),(4),(5)    [(0, 4), (0, 5), (1, 2), (1, 3), (1, 5), (2, 4), (2, 5), (3, 4), (3, 5), (4, 5)]
      EE~w       EB~w        DB{ -C-_- 4 (0,1),(2),(3),(4,5)      [(0, 4), (0, 5), (1, 3), (1, 4), (1, 5), (2, 3), (2, 4), (2, 5), (3, 4), (3, 5), (4, 5)]
      EFzW       EB~o       EB~o -C-R- 4 (0,1),(2),(3,4),(5)      [(0, 4), (0, 5), (1, 3), (1, 4), (1, 5), (2, 3), (2, 4), (2, 5), (3, 4), (3, 5)]
      EFz_       E]ow       E]ow -C-R- 1 (0,1,2,3,4,5)            [(0, 2), (0, 3), (0, 4), (1, 2), (1, 3), (1, 4), (2, 5), (3, 5), (4, 5)]
      EFzo       EFzg        DFw -C-_- 3 (0,1,2),(3,5),(4)        [(0, 3), (0, 4), (0, 5), (1, 3), (1, 4), (1, 5), (2, 3), (2, 4), (2, 5), (4, 5)]
      EFzw       EFzw       EFzw -_-R- 3 (0,1,2),(3,4),(5)        [(0, 3), (0, 4), (0, 5), (1, 3), (1, 4), (1, 5), (2, 3), (2, 4), (2, 5), (3, 5), (4, 5)]
      EF~w       EF~w         CF -_-_- 2 (0,1,2),(3,4,5)          [(0, 3), (0, 4), (0, 5), (1, 3), (1, 4), (1, 5), (2, 3), (2, 4), (2, 5), (3, 4), (3, 5), (4, 5)]
      EQjO       E`ow         CR -C-_- 2 (0,5),(1,2,3,4)          [(0, 1), (0, 4), (1, 4), (2, 3), (2, 5), (3, 5), (4, 5)]
      EQj_       EQSw        DDW -C-_- 5 (0,2),(1),(3),(4),(5)    [(0, 2), (1, 3), (1, 4), (2, 5), (3, 4), (3, 5), (4, 5)]
      EQjg       E`Lw         CR -C-_- 4 (0,2,4),(1),(3),(5)      [(0, 1), (1, 5), (2, 3), (2, 4), (2, 5), (3, 4), (3, 5), (4, 5)]
      EQjo       EKdw         CR -C-_- 4 (0,2),(1,3),(4),(5)      [(0, 3), (0, 4), (1, 2), (1, 5), (2, 5), (3, 4), (3, 5), (4, 5)]
      EQjw       E`Nw         BW -C-_- 3 (0,2,4),(1,3),(5)        [(0, 1), (0, 5), (1, 5), (2, 3), (2, 4), (2, 5), (3, 4), (3, 5), (4, 5)]
      EQyw       E`lw        DMk -C-_- 3 (0,2),(1,3),(4,5)        [(0, 1), (0, 4), (1, 5), (2, 3), (2, 4), (2, 5), (3, 4), (3, 5), (4, 5)]
      EQzO       ETXW       ETXW -C-R- 2 (0,1,4,5),(2,3)          [(0, 2), (0, 3), (1, 4), (1, 5), (2, 3), (2, 4), (3, 5), (4, 5)]
      EQzW       EQlw       EQlw -C-R- 3 (0,1),(2,3),(4,5)        [(0, 2), (0, 4), (1, 3), (1, 5), (2, 4), (2, 5), (3, 4), (3, 5), (4, 5)]
      EQzg       EK\w         CR -C-_- 4 (0,2),(1),(3),(4,5)      [(0, 3), (1, 2), (1, 4), (1, 5), (2, 4), (2, 5), (3, 4), (3, 5), (4, 5)]
      EQzo       EJqw        DMk -C-_- 5 (0,2),(1),(3),(4),(5)    [(0, 4), (0, 5), (1, 2), (1, 3), (1, 4), (2, 3), (2, 5), (3, 5), (4, 5)]
      EQzw       EK^w        DR{ -C-_- 5 (0,2),(1),(3),(4),(5)    [(0, 3), (0, 5), (1, 2), (1, 4), (1, 5), (2, 4), (2, 5), (3, 4), (3, 5), (4, 5)]
      EQ~o       E`~o         Cr -C-_- 2 (0,1,2,3),(4,5)          [(0, 1), (0, 4), (0, 5), (1, 4), (1, 5), (2, 3), (2, 4), (2, 5), (3, 4), (3, 5)]
      EQ~w       E`~w         BW -C-_- 2 (0,1,2,3),(4,5)          [(0, 1), (0, 4), (0, 5), (1, 4), (1, 5), (2, 3), (2, 4), (2, 5), (3, 4), (3, 5), (4, 5)]
      ETno       ER\w         CR -C-_- 4 (0,2,3),(1),(4),(5)      [(0, 2), (1, 3), (1, 4), (1, 5), (2, 3), (2, 4), (2, 5), (3, 4), (3, 5), (4, 5)]
      ETnw       EJ^w         BW -C-_- 3 (0,2,3,4),(1),(5)        [(0, 5), (1, 2), (1, 3), (1, 4), (1, 5), (2, 3), (2, 4), (2, 5), (3, 4), (3, 5), (4, 5)]
      ETzg       ET\w         CR -C-_- 2 (0,2,4,5),(1,3)          [(0, 2), (0, 3), (1, 4), (1, 5), (2, 3), (2, 4), (2, 5), (3, 4), (3, 5), (4, 5)]
      ETzo       ER^W        DMk -C-_- 5 (0,2),(1),(3),(4),(5)    [(0, 2), (0, 5), (1, 3), (1, 4), (1, 5), (2, 3), (2, 4), (3, 4), (3, 5), (4, 5)]
      ETzw       ER^w        DR{ -C-_- 5 (0,2),(1),(3),(4),(5)    [(0, 2), (0, 5), (1, 3), (1, 4), (1, 5), (2, 3), (2, 4), (2, 5), (3, 4), (3, 5), (4, 5)]
      ET~w       EJ~w         BW -C-_- 3 (0,2,3),(1),(4,5)        [(0, 4), (0, 5), (1, 2), (1, 3), (1, 4), (1, 5), (2, 3), (2, 4), (2, 5), (3, 4), (3, 5), (4, 5)]
      EUZO       E`lo        DqK -C-_- 3 (0,1),(2,4),(3,5)        [(0, 1), (0, 4), (1, 5), (2, 3), (2, 4), (2, 5), (3, 4), (3, 5)]
      EUZ_       ED^_       ED^_ -C-R- 4 (0,2),(1),(3,4),(5)      [(0, 3), (0, 5), (1, 4), (1, 5), (2, 3), (2, 4), (2, 5), (3, 4)]
      EUZo       EMhw       EMhw -C-R- 4 (0,3),(1,2),(4),(5)      [(0, 3), (0, 4), (1, 2), (1, 3), (1, 5), (2, 4), (2, 5), (3, 5), (4, 5)]
      EUZw       EqNw       EqNw -C-R- 2 (0,1,2,3,4),(5)          [(0, 1), (0, 2), (0, 5), (1, 3), (1, 5), (2, 4), (2, 5), (3, 4), (3, 5), (4, 5)]
      EUxo       Erow       Erow -C-R- 1 (0,1,2,3,4,5)            [(0, 1), (0, 2), (0, 4), (1, 3), (1, 4), (2, 3), (2, 5), (3, 5), (4, 5)]
      EUzW       EJuw       EJuw -C-R- 4 (0,4),(1,3),(2),(5)      [(0, 4), (0, 5), (1, 2), (1, 3), (1, 4), (2, 3), (2, 5), (3, 4), (3, 5), (4, 5)]
      EUzo       ERzW       ERzW -C-R- 3 (0,5),(1,4),(2,3)        [(0, 2), (0, 4), (0, 5), (1, 3), (1, 4), (1, 5), (2, 3), (2, 4), (3, 5), (4, 5)]
      EUzw       EMnw       EMnw -C-R- 4 (0,4),(1,3),(2),(5)      [(0, 3), (0, 4), (0, 5), (1, 2), (1, 3), (1, 5), (2, 4), (2, 5), (3, 4), (3, 5), (4, 5)]
      EU~w       ER~w        DR{ -C-_- 3 (0,3),(1,2),(4,5)        [(0, 2), (0, 4), (0, 5), (1, 3), (1, 4), (1, 5), (2, 3), (2, 4), (2, 5), (3, 4), (3, 5), (4, 5)]
      EV~w       EN~w         BW -C-_- 3 (0,2),(1),(3,4,5)        [(0, 3), (0, 4), (0, 5), (1, 2), (1, 3), (1, 4), (1, 5), (2, 3), (2, 4), (2, 5), (3, 4), (3, 5), (4, 5)]
      E]yw       Et\w         Cr -C-_- 2 (0,2,4,5),(1,3)          [(0, 1), (0, 2), (0, 3), (1, 4), (1, 5), (2, 3), (2, 4), (2, 5), (3, 4), (3, 5), (4, 5)]
      E]zg       EJ~o         Cr -C-_- 3 (0,1),(2,4,5),(3)        [(0, 4), (0, 5), (1, 2), (1, 3), (1, 4), (1, 5), (2, 3), (2, 4), (2, 5), (3, 4), (3, 5)]
      E]zo       ER~o       ER~o -C-R- 3 (0,1),(2,5),(3,4)        [(0, 2), (0, 4), (0, 5), (1, 3), (1, 4), (1, 5), (2, 3), (2, 4), (2, 5), (3, 4), (3, 5)]
      E]zw       ENzw        Dr{ -C-_- 4 (0,1),(2,4),(3),(5)      [(0, 3), (0, 4), (0, 5), (1, 2), (1, 3), (1, 4), (1, 5), (2, 3), (2, 4), (2, 5), (3, 5), (4, 5)]
      E]~o       E}lw       E}lw -C-R- 1 (0,1,2,3,4,5)            [(0, 1), (0, 2), (0, 3), (0, 4), (1, 2), (1, 3), (1, 5), (2, 4), (2, 5), (3, 4), (3, 5), (4, 5)]
      E]~w       Er~w        Dr{ -C-_- 2 (0,1,2,3),(4,5)          [(0, 1), (0, 2), (0, 4), (0, 5), (1, 3), (1, 4), (1, 5), (2, 3), (2, 4), (2, 5), (3, 4), (3, 5), (4, 5)]
      E^~w       E^~w         BW -_-_- 2 (0,1),(2,3,4,5)          [(0, 2), (0, 3), (0, 4), (0, 5), (1, 2), (1, 3), (1, 4), (1, 5), (2, 3), (2, 4), (2, 5), (3, 4), (3, 5), (4, 5)]
      E~~w       E~~w          @ -_-_- 1 (0,1,2,3,4,5)            [(0, 1), (0, 2), (0, 3), (0, 4), (0, 5), (1, 2), (1, 3), (1, 4), (1, 5), (2, 3), (2, 4), (2, 5), (3, 4), (3, 5), (4, 5)]
